# This file was created xxx
# by the following command:
# g_rms -s ...
#
# g_rms is part of G R O M A C S:
#
# Giving Russians Opium May Alter Current Situation
#
@    title "RMSD"
@    xaxis  label "Time (ps)"
@    yaxis  label "RMSD (nm)"
@TYPE xy
@ subtitle "Backbone after lsq fit to Backbone"
   0.0000000    0.0697134
   1.0000000    0.0697696
   2.0000000    0.0725352
   3.0000000    0.0741587
   4.0000000    0.0781472
   5.0000000    0.0804188
   6.0000000    0.0764110
   7.0000000    0.0838713
   8.0000000    0.0825080
   9.0000000    0.0880035
  10.0000000    0.0843894
  11.0000000    0.0838551
  12.0000000    0.0821802
  13.0000000    0.0829581
  14.0000000    0.0824750
  15.0000000    0.0854558
  16.0000000    0.0782775
  17.0000000    0.0848372
  18.0000000    0.0872684
  19.0000000    0.0816150
  20.0000000    0.0802361
  21.0000000    0.0782029
  22.0000000    0.0856110
  23.0000000    0.0772620
  24.0000000    0.0726982
  25.0000000    0.0762762
  26.0000000    0.0791464
  27.0000000    0.0769146
  28.0000000    0.0862881
  29.0000000    0.0812413
  30.0000000    0.0851497
  31.0000000    0.0881679
  32.0000000    0.0857635
  33.0000000    0.0866301
  34.0000000    0.0836939
  35.0000000    0.0882187
  36.0000000    0.0812386
  37.0000000    0.0851069
  38.0000000    0.0834873
  39.0000000    0.0813789
  40.0000000    0.0835137
  41.0000000    0.0938264
  42.0000000    0.0825951
  43.0000000    0.0832795
  44.0000000    0.0827484
  45.0000000    0.0882173
  46.0000000    0.0878400
  47.0000000    0.0952382
  48.0000000    0.0961665
  49.0000000    0.0928552
  50.0000000    0.0976030
  51.0000000    0.0912674
  52.0000000    0.1039436
  53.0000000    0.0894698
  54.0000000    0.0911419
  55.0000000    0.0935940
  56.0000000    0.0913349
  57.0000000    0.0966522
  58.0000000    0.0921041
  59.0000000    0.0933728
  60.0000000    0.0905306
  61.0000000    0.0891291
  62.0000000    0.0899668
  63.0000000    0.0942090
  64.0000000    0.0880474
  65.0000000    0.0868877
  66.0000000    0.0888193
  67.0000000    0.0958135
  68.0000000    0.1004119
  69.0000000    0.0977917
  70.0000000    0.0993575
  71.0000000    0.0994165
  72.0000000    0.0996086
  73.0000000    0.0986310
  74.0000000    0.0975000
  75.0000000    0.1016017
  76.0000000    0.1025330
  77.0000000    0.0982690
  78.0000000    0.0959955
  79.0000000    0.1025553
  80.0000000    0.1036041
  81.0000000    0.0993993
  82.0000000    0.1008190
  83.0000000    0.1039783
  84.0000000    0.1051697
  85.0000000    0.0955937
  86.0000000    0.0983985
  87.0000000    0.1016286
  88.0000000    0.1014608
  89.0000000    0.0988466
  90.0000000    0.1038989
  91.0000000    0.1058039
  92.0000000    0.1001083
  93.0000000    0.1012086
  94.0000000    0.1097874
  95.0000000    0.1059361
  96.0000000    0.1071963
  97.0000000    0.1088176
  98.0000000    0.1052329
  99.0000000    0.1078069
 100.0000000    0.1101310
 101.0000000    0.1151024
 102.0000000    0.1168640
 103.0000000    0.1204452
 104.0000000    0.1227240
 105.0000000    0.1224814
 106.0000000    0.1234501
 107.0000000    0.1346678
 108.0000000    0.1368377
 109.0000000    0.1361831
 110.0000000    0.1241441
 111.0000000    0.1267176
 112.0000000    0.1294406
 113.0000000    0.1271459
 114.0000000    0.1332652
 115.0000000    0.1301989
 116.0000000    0.1203325
 117.0000000    0.1093145
 118.0000000    0.1167253
 119.0000000    0.1157661
 120.0000000    0.1107586
 121.0000000    0.1173354
 122.0000000    0.1255855
 123.0000000    0.1227541
 124.0000000    0.1263667
 125.0000000    0.1265153
 126.0000000    0.1239710
 127.0000000    0.1202961
 128.0000000    0.1281418
 129.0000000    0.1291148
 130.0000000    0.1291574
 131.0000000    0.1223691
 132.0000000    0.1267592
 133.0000000    0.1250709
 134.0000000    0.1305982
 135.0000000    0.1346719
 136.0000000    0.1378962
 137.0000000    0.1392074
 138.0000000    0.1357962
 139.0000000    0.1347591
 140.0000000    0.1246910
 141.0000000    0.1219840
 142.0000000    0.1208514
 143.0000000    0.1192713
 144.0000000    0.1191582
 145.0000000    0.1157592
 146.0000000    0.1162618
 147.0000000    0.1212488
 148.0000000    0.1222087
 149.0000000    0.1193181
 150.0000000    0.1205619
 151.0000000    0.1236863
 152.0000000    0.1205767
 153.0000000    0.1173651
 154.0000000    0.1147840
 155.0000000    0.1180527
 156.0000000    0.1192095
 157.0000000    0.1212140
 158.0000000    0.1239363
 159.0000000    0.1185841
 160.0000000    0.1152947
 161.0000000    0.1164677
 162.0000000    0.1283258
 163.0000000    0.1215349
 164.0000000    0.1183705
 165.0000000    0.1237824
 166.0000000    0.1217160
 167.0000000    0.1259429
 168.0000000    0.1242982
 169.0000000    0.1159445
 170.0000000    0.1214439
 171.0000000    0.1228841
 172.0000000    0.1125167
 173.0000000    0.1166949
 174.0000000    0.1214152
 175.0000000    0.1135409
 176.0000000    0.1288647
 177.0000000    0.1242840
 178.0000000    0.1267720
 179.0000000    0.1279360
 180.0000000    0.1259495
 181.0000000    0.1236530
 182.0000000    0.1227267
 183.0000000    0.1215388
 184.0000000    0.1239735
 185.0000000    0.1175269
 186.0000000    0.1242739
 187.0000000    0.1230534
 188.0000000    0.1273208
 189.0000000    0.1262244
 190.0000000    0.1299183
 191.0000000    0.1308838
 192.0000000    0.1346218
 193.0000000    0.1411183
 194.0000000    0.1353509
 195.0000000    0.1290743
 196.0000000    0.1354555
 197.0000000    0.1279628
 198.0000000    0.1314137
 199.0000000    0.1234600
 200.0000000    0.1176430
 201.0000000    0.1173784
 202.0000000    0.1191073
 203.0000000    0.1258895
 204.0000000    0.1213159
 205.0000000    0.1290970
 206.0000000    0.1264442
 207.0000000    0.1137528
 208.0000000    0.1179283
 209.0000000    0.1154853
 210.0000000    0.1174339
 211.0000000    0.1201583
 212.0000000    0.1195573
 213.0000000    0.1252517
 214.0000000    0.1239321
 215.0000000    0.1305930
 216.0000000    0.1279647
 217.0000000    0.1264676
 218.0000000    0.1185527
 219.0000000    0.1286180
 220.0000000    0.1291092
 221.0000000    0.1263535
 222.0000000    0.1311575
 223.0000000    0.1416748
 224.0000000    0.1298562
 225.0000000    0.1246991
 226.0000000    0.1284330
 227.0000000    0.1365563
 228.0000000    0.1310733
 229.0000000    0.1266595
 230.0000000    0.1298061
 231.0000000    0.1293062
 232.0000000    0.1244842
 233.0000000    0.1187373
 234.0000000    0.1175245
 235.0000000    0.1261385
 236.0000000    0.1243853
 237.0000000    0.1228704
 238.0000000    0.1179277
 239.0000000    0.1194384
 240.0000000    0.1245930
 241.0000000    0.1223420
 242.0000000    0.1339412
 243.0000000    0.1248276
 244.0000000    0.1262976
 245.0000000    0.1265683
 246.0000000    0.1192112
 247.0000000    0.1148785
 248.0000000    0.1163343
 249.0000000    0.1196835
 250.0000000    0.1202446
 251.0000000    0.1209984
 252.0000000    0.1230466
 253.0000000    0.1273863
 254.0000000    0.1193200
 255.0000000    0.1287166
 256.0000000    0.1232959
 257.0000000    0.1188759
 258.0000000    0.1129640
 259.0000000    0.1178853
 260.0000000    0.1141052
 261.0000000    0.1070660
 262.0000000    0.1120467
 263.0000000    0.1108944
 264.0000000    0.1113635
 265.0000000    0.1196653
 266.0000000    0.1155780
 267.0000000    0.1231368
 268.0000000    0.1123950
 269.0000000    0.1169438
 270.0000000    0.1194925
 271.0000000    0.1154772
 272.0000000    0.1192843
 273.0000000    0.1186758
 274.0000000    0.1174827
 275.0000000    0.1175066
 276.0000000    0.1242955
 277.0000000    0.1298058
 278.0000000    0.1348036
 279.0000000    0.1299330
 280.0000000    0.1315054
 281.0000000    0.1264185
 282.0000000    0.1287509
 283.0000000    0.1226778
 284.0000000    0.1309656
 285.0000000    0.1363946
 286.0000000    0.1342555
 287.0000000    0.1309462
 288.0000000    0.1323066
 289.0000000    0.1274790
 290.0000000    0.1355609
 291.0000000    0.1453790
 292.0000000    0.1353850
 293.0000000    0.1282374
 294.0000000    0.1268637
 295.0000000    0.1274865
 296.0000000    0.1300090
 297.0000000    0.1336972
 298.0000000    0.1274458
 299.0000000    0.1294449
 300.0000000    0.1379514
 301.0000000    0.1272000
 302.0000000    0.1290778
 303.0000000    0.1346740
 304.0000000    0.1391339
 305.0000000    0.1350250
 306.0000000    0.1392980
 307.0000000    0.1399129
 308.0000000    0.1362270
 309.0000000    0.1408706
 310.0000000    0.1368845
 311.0000000    0.1426508
 312.0000000    0.1445546
 313.0000000    0.1435299
 314.0000000    0.1422711
 315.0000000    0.1432461
 316.0000000    0.1379997
 317.0000000    0.1495188
 318.0000000    0.1491956
 319.0000000    0.1452323
 320.0000000    0.1506156
 321.0000000    0.1442738
 322.0000000    0.1406391
 323.0000000    0.1486881
 324.0000000    0.1525991
 325.0000000    0.1500533
 326.0000000    0.1408203
 327.0000000    0.1475545
 328.0000000    0.1498823
 329.0000000    0.1612669
 330.0000000    0.1548413
 331.0000000    0.1564227
 332.0000000    0.1517989
 333.0000000    0.1493228
 334.0000000    0.1517764
 335.0000000    0.1439186
 336.0000000    0.1470347
 337.0000000    0.1533381
 338.0000000    0.1498252
 339.0000000    0.1529964
 340.0000000    0.1520973
 341.0000000    0.1463112
 342.0000000    0.1491150
 343.0000000    0.1424276
 344.0000000    0.1480038
 345.0000000    0.1387762
 346.0000000    0.1453994
 347.0000000    0.1443223
 348.0000000    0.1426655
 349.0000000    0.1421145
 350.0000000    0.1534648
 351.0000000    0.1436406
 352.0000000    0.1372726
 353.0000000    0.1382769
 354.0000000    0.1423559
 355.0000000    0.1348431
 356.0000000    0.1478548
 357.0000000    0.1365036
 358.0000000    0.1486840
 359.0000000    0.1406604
 360.0000000    0.1463938
 361.0000000    0.1484319
 362.0000000    0.1418704
 363.0000000    0.1375609
 364.0000000    0.1340274
 365.0000000    0.1432418
 366.0000000    0.1369425
 367.0000000    0.1328269
 368.0000000    0.1334694
 369.0000000    0.1338616
 370.0000000    0.1280034
 371.0000000    0.1243237
 372.0000000    0.1206621
 373.0000000    0.1192402
 374.0000000    0.1177093
 375.0000000    0.1288143
 376.0000000    0.1261319
 377.0000000    0.1200019
 378.0000000    0.1250820
 379.0000000    0.1272997
 380.0000000    0.1285845
 381.0000000    0.1279063
 382.0000000    0.1297127
 383.0000000    0.1240488
 384.0000000    0.1352324
 385.0000000    0.1253944
 386.0000000    0.1255683
 387.0000000    0.1225454
 388.0000000    0.1235854
 389.0000000    0.1260703
 390.0000000    0.1297781
 391.0000000    0.1292946
 392.0000000    0.1336428
 393.0000000    0.1292253
 394.0000000    0.1340899
 395.0000000    0.1298657
 396.0000000    0.1251181
 397.0000000    0.1272998
 398.0000000    0.1276977
 399.0000000    0.1279139
 400.0000000    0.1310342
 401.0000000    0.1284995
 402.0000000    0.1241529
 403.0000000    0.1288759
 404.0000000    0.1152860
 405.0000000    0.1279976
 406.0000000    0.1250513
 407.0000000    0.1250039
 408.0000000    0.1290008
 409.0000000    0.1299697
 410.0000000    0.1370234
 411.0000000    0.1319405
 412.0000000    0.1383140
 413.0000000    0.1288344
 414.0000000    0.1314105
 415.0000000    0.1312222
 416.0000000    0.1357065
 417.0000000    0.1315120
 418.0000000    0.1340174
 419.0000000    0.1326288
 420.0000000    0.1343712
 421.0000000    0.1335755
 422.0000000    0.1359069
 423.0000000    0.1284350
 424.0000000    0.1283084
 425.0000000    0.1227172
 426.0000000    0.1261946
 427.0000000    0.1182209
 428.0000000    0.1233682
 429.0000000    0.1190147
 430.0000000    0.1178833
 431.0000000    0.1242771
 432.0000000    0.1204929
 433.0000000    0.1168232
 434.0000000    0.1236015
 435.0000000    0.1204683
 436.0000000    0.1247631
 437.0000000    0.1281700
 438.0000000    0.1265519
 439.0000000    0.1248087
 440.0000000    0.1315660
 441.0000000    0.1286335
 442.0000000    0.1261496
 443.0000000    0.1264352
 444.0000000    0.1220214
 445.0000000    0.1211331
 446.0000000    0.1263175
 447.0000000    0.1291478
 448.0000000    0.1284868
 449.0000000    0.1227633
 450.0000000    0.1306802
 451.0000000    0.1303082
 452.0000000    0.1248497
 453.0000000    0.1195456
 454.0000000    0.1201802
 455.0000000    0.1181439
 456.0000000    0.1241786
 457.0000000    0.1270197
 458.0000000    0.1288318
 459.0000000    0.1330234
 460.0000000    0.1345873
 461.0000000    0.1275721
 462.0000000    0.1380751
 463.0000000    0.1364559
 464.0000000    0.1360612
 465.0000000    0.1334205
 466.0000000    0.1319236
 467.0000000    0.1306874
 468.0000000    0.1297185
 469.0000000    0.1301709
 470.0000000    0.1234722
 471.0000000    0.1280423
 472.0000000    0.1286356
 473.0000000    0.1317668
 474.0000000    0.1383382
 475.0000000    0.1347540
 476.0000000    0.1372000
 477.0000000    0.1305255
 478.0000000    0.1303942
 479.0000000    0.1335707
 480.0000000    0.1243583
 481.0000000    0.1279189
 482.0000000    0.1290959
 483.0000000    0.1324686
 484.0000000    0.1286160
 485.0000000    0.1303360
 486.0000000    0.1308661
 487.0000000    0.1390310
 488.0000000    0.1396423
 489.0000000    0.1382452
 490.0000000    0.1362459
 491.0000000    0.1262044
 492.0000000    0.1365336
 493.0000000    0.1332352
 494.0000000    0.1405285
 495.0000000    0.1382831
 496.0000000    0.1402125
 497.0000000    0.1309585
 498.0000000    0.1360053
 499.0000000    0.1343031
 500.0000000    0.1312639