# cluster                                                 cumulative                                                      absolute
#                6         5         4         3         2         1           1         2         3         4         5         6
       1     40321     31484     28491     20492     11566      8539        8539      3027      8926      7999      2993      8837
       2     10288     10288      5224      5224      5224         0           0      5224         0         0      5064         0
       3      1237      1115      1103       175       175       175         175         0         0       928        12       122
       4       568       568       178       178       178         0           0       178         0         0       390         0
       5       430       430        62        62        62         0           0        62         0         0       368         0
       6       428       402       395       358       287       284         284         3        71        37         7        26
       7       370       370       370       370       370         0           0       370         0         0         0         0
       8       107       107         1         1         1         0           0         1         0         0       106         0
       9        74        74        65        65        65         0           0        65         0         0         9         0
      10        46        38        38         3         3         0           0         3         0        35         0         8
      11        37        31        12        12        10         0           0        10         2         0        19         6
      12        23        23        23        23        23         0           0        23         0         0         0         0
      13        21        21        10        10        10         0           0        10         0         0        11         0
      14        15        15        12        12        12         0           0        12         0         0         3         0
      15        11        11         0         0         0         0           0         0         0         0        11         0
      16         4         4         4         4         4         0           0         4         0         0         0         0
      17         4         4         4         4         4         0           0         4         0         0         0         0
      18         4         4         0         0         0         0           0         0         0         0         4         0
      19         3         3         3         3         2         2           2         0         1         0         0         0
      20         3         3         3         3         3         0           0         3         0         0         0         0
      21         2         2         0         0         0         0           0         0         0         0         2         0
      22         1         1         1         1         1         0           0         1         0         0         0         0
      23         1         1         1         0         0         0           0         0         0         1         0         0
      24         1         1         0         0         0         0           0         0         0         0         1         0
      25         1         0         0         0         0         0           0         0         0         0         0         1