# protein atoms considered 1:a 
# Analysed 99602 structures
#
#  res.     3-Helix      4-Helix      5-Helix         Turn     B-Strand     B-Bridge         Bend
#           #     %      #     %      #     %      #     %      #     %      #     %      #     %
      1      0   0.0      0   0.0      0   0.0      0   0.0      0   0.0      0   0.0      0   0.0
      2      0   0.0      0   0.0      0   0.0      0   0.0      0   0.0    327   0.3      0   0.0
      3      0   0.0      0   0.0      0   0.0      0   0.0      0   0.0      1   0.0   1714   1.7
      4      0   0.0      0   0.0      0   0.0      0   0.0      0   0.0  36933  37.1   4467   4.5
      5      0   0.0      0   0.0      0   0.0      0   0.0      0   0.0      0   0.0   4267   4.3
      6      0   0.0      0   0.0      0   0.0      0   0.0      0   0.0      0   0.0      0   0.0
      7      0   0.0      0   0.0      0   0.0      0   0.0  97216  97.6     45   0.0     24   0.0
      8      0   0.0      0   0.0      0   0.0      0   0.0  99423  99.8      4   0.0      0   0.0
      9      0   0.0      0   0.0      0   0.0      0   0.0  99464  99.9     10   0.0      0   0.0
     10      0   0.0      0   0.0      0   0.0      0   0.0  91953  92.3     34   0.0      0   0.0
     11      0   0.0      0   0.0      0   0.0      0   0.0  69201  69.5     13   0.0      0   0.0
     12      0   0.0      0   0.0      0   0.0      0   0.0      0   0.0      0   0.0    106   0.1
     13      0   0.0      0   0.0      0   0.0      0   0.0      0   0.0      1   0.0      0   0.0
     14      0   0.0      0   0.0      0   0.0  98393  98.8      0   0.0      0   0.0      0   0.0
     15   2350   2.4  79239  79.6      0   0.0   2314   2.3      0   0.0      0   0.0  15699  15.8
     16   4275   4.3  79448  79.8      0   0.0  14778  14.8      0   0.0      0   0.0   1101   1.1
     17  16032  16.1  79449  79.8      0   0.0   1039   1.0      0   0.0      0   0.0   3081   3.1
     18  15563  15.6  79449  79.8      0   0.0      0   0.0      0   0.0      0   0.0   4501   4.5
     19  20611  20.7  43343  43.5      0   0.0      0   0.0      0   0.0      6   0.0  35495  35.6
     20      0   0.0     24   0.0      0   0.0    499   0.5      0   0.0      0   0.0  98713  99.1
     21      0   0.0      0   0.0      0   0.0      0   0.0      0   0.0      0   0.0  99602 100.0
     22      0   0.0      0   0.0      0   0.0      0   0.0  87410  87.8   4095   4.1   6671   6.7
     23      0   0.0      0   0.0      0   0.0      0   0.0  94638  95.0     12   0.0      0   0.0
     24      0   0.0      0   0.0      0   0.0      0   0.0  95050  95.4      3   0.0      0   0.0
     25      0   0.0      0   0.0      0   0.0      0   0.0  99429  99.8      0   0.0      0   0.0
     26      0   0.0      0   0.0      0   0.0      0   0.0  99586 100.0      0   0.0      0   0.0
     27      0   0.0      0   0.0      0   0.0      0   0.0  99598 100.0      0   0.0      0   0.0
     28      0   0.0      0   0.0      0   0.0      0   0.0  99602 100.0      0   0.0      0   0.0
     29      0   0.0      0   0.0      0   0.0      0   0.0  99601 100.0      0   0.0      0   0.0
     30      0   0.0      0   0.0      0   0.0      0   0.0  98907  99.3      0   0.0      0   0.0
     31      0   0.0      0   0.0      0   0.0      0   0.0      7   0.0      0   0.0  71235  71.5
     32      0   0.0      0   0.0      0   0.0      0   0.0   9829   9.9  48402  48.6      0   0.0
     33      0   0.0      0   0.0      0   0.0      0   0.0   9828   9.9    605   0.6  84523  84.9
     34      0   0.0      0   0.0      0   0.0   4493   4.5      0   0.0      0   0.0  94371  94.7
     35      0   0.0      0   0.0      0   0.0      0   0.0      0   0.0      0   0.0  95535  95.9
     36      0   0.0      0   0.0      0   0.0      0   0.0      0   0.0      0   0.0    630   0.6
     37      0   0.0      0   0.0      0   0.0      0   0.0    491   0.5      0   0.0      9   0.0
     38      0   0.0      0   0.0      0   0.0      0   0.0  96385  96.8   3002   3.0      0   0.0
     39      0   0.0      0   0.0      0   0.0      0   0.0  96548  96.9     20   0.0      0   0.0
     40      0   0.0      0   0.0      0   0.0      0   0.0  85190  85.5      0   0.0      0   0.0
     41      0   0.0      0   0.0      0   0.0      0   0.0  87789  88.1      3   0.0      0   0.0
     42      0   0.0      0   0.0      0   0.0      0   0.0  96811  97.2   2571   2.6      0   0.0
     43      0   0.0      0   0.0      0   0.0   5405   5.4  51733  51.9     62   0.1   2507   2.5
     44      0   0.0      0   0.0      0   0.0      0   0.0      0   0.0      0   0.0  99602 100.0
     45      0   0.0      0   0.0      0   0.0      0   0.0      0   0.0      0   0.0  99602 100.0
     46      0   0.0      0   0.0      0   0.0      0   0.0  35602  35.7    853   0.9  22928  23.0
     47      0   0.0      0   0.0      0   0.0      0   0.0  36740  36.9   6223   6.2      0   0.0
     48      0   0.0      0   0.0      0   0.0    459   0.5  11581  11.6   8775   8.8      0   0.0
     49      4   0.0      0   0.0      0   0.0     50   0.1      0   0.0      0   0.0  22725  22.8
     50      4   0.0      0   0.0      0   0.0      0   0.0     31   0.0      0   0.0   4908   4.9
     51      4   0.0      0   0.0      0   0.0      0   0.0  72294  72.6   3703   3.7      9   0.0
     52      0   0.0      0   0.0      0   0.0      0   0.0  87530  87.9    316   0.3      0   0.0
     53      0   0.0      0   0.0      0   0.0      0   0.0  85083  85.4   5576   5.6      1   0.0
     54      0   0.0      0   0.0      0   0.0      0   0.0   6058   6.1    117   0.1      0   0.0
     55      0   0.0      0   0.0      0   0.0      0   0.0      0   0.0      0   0.0     44   0.0
     56      0   0.0      0   0.0      0   0.0      0   0.0    130   0.1      1   0.0    392   0.4
     57      0   0.0      0   0.0      0   0.0      0   0.0  97722  98.1    955   1.0      0   0.0
     58      0   0.0      0   0.0      0   0.0      1   0.0  97781  98.2    839   0.8      0   0.0
     59      0   0.0      0   0.0      0   0.0  83104  83.4   4997   5.0    227   0.2      1   0.0
     60      0   0.0      1   0.0      0   0.0      0   0.0      0   0.0      0   0.0  99601 100.0
     61      0   0.0      1   0.0      0   0.0      0   0.0      0   0.0      0   0.0  99601 100.0
     62      0   0.0      1   0.0      0   0.0      0   0.0      1   0.0    414   0.4  98996  99.4
     63      0   0.0      0   0.0      0   0.0      0   0.0   4810   4.8      0   0.0  14226  14.3
     64      0   0.0      0   0.0      0   0.0      0   0.0  98961  99.4    314   0.3      0   0.0
     65      0   0.0      0   0.0      0   0.0      0   0.0  99265  99.7      0   0.0      0   0.0
     66      0   0.0      0   0.0      0   0.0      0   0.0  99413  99.8      0   0.0      0   0.0
     67      0   0.0      0   0.0      0   0.0      0   0.0  99489  99.9      0   0.0      0   0.0
     68      0   0.0      0   0.0      0   0.0      0   0.0  99596 100.0      0   0.0      0   0.0
     69      0   0.0      0   0.0      0   0.0      0   0.0  99596 100.0      0   0.0      0   0.0
     70      0   0.0      0   0.0      0   0.0      0   0.0  99583 100.0      0   0.0      0   0.0
     71      0   0.0      0   0.0      0   0.0      0   0.0  95050  95.4      3   0.0      0   0.0
     72      0   0.0      0   0.0      0   0.0      0   0.0  94637  95.0     12   0.0      0   0.0
     73      0   0.0      0   0.0      0   0.0   6644   6.7  87409  87.8   4096   4.1      0   0.0
     74      0   0.0      0   0.0      0   0.0      0   0.0      0   0.0      0   0.0  99602 100.0
     75      0   0.0      0   0.0      0   0.0      1   0.0      0   0.0      0   0.0  99598 100.0
     76      0   0.0      0   0.0      0   0.0  99442  99.8      0   0.0      0   0.0    143   0.1
     77    114   0.1  98923  99.3      0   0.0    286   0.3      0   0.0      0   0.0    279   0.3
     78     22   0.0  99296  99.7      0   0.0    278   0.3      0   0.0      0   0.0      6   0.0
     79     24   0.0  99549  99.9      0   0.0      6   0.0      0   0.0      0   0.0     23   0.0
     80     23   0.0  99554 100.0      0   0.0      9   0.0      0   0.0      0   0.0     16   0.0
     81     59   0.1  99458  99.9      0   0.0     69   0.1      0   0.0      0   0.0     16   0.0
     82    356   0.4  98624  99.0      3   0.0    153   0.2      0   0.0      0   0.0    463   0.5
     83   1736   1.7  95080  95.5     12   0.0      0   0.0      0   0.0      0   0.0   2774   2.8
     84   3393   3.4  51859  52.1    132   0.1      0   0.0      0   0.0      0   0.0  44218  44.4
     85      0   0.0    824   0.8    475   0.5      0   0.0      0   0.0      0   0.0  90000  90.4
     86      0   0.0      0   0.0     29   0.0      0   0.0      0   0.0      0   0.0  27220  27.3
     87      0   0.0      0   0.0      0   0.0      0   0.0     52   0.1      0   0.0      1   0.0
     88      0   0.0      0   0.0      0   0.0      0   0.0  25734  25.8      0   0.0      0   0.0
     89      0   0.0      0   0.0      0   0.0      0   0.0  96116  96.5   3482   3.5      0   0.0
     90      0   0.0      0   0.0      0   0.0      0   0.0  95635  96.0      0   0.0      0   0.0
     91      0   0.0      0   0.0      0   0.0      0   0.0  95679  96.1      0   0.0      0   0.0
     92      0   0.0      0   0.0      0   0.0      0   0.0  99593 100.0      0   0.0      0   0.0
     93      0   0.0      0   0.0      0   0.0      0   0.0  99587 100.0      9   0.0      0   0.0
     94      0   0.0      0   0.0      0   0.0  76561  76.9    501   0.5      0   0.0      0   0.0
     95      0   0.0      0   0.0      0   0.0    236   0.2      0   0.0      0   0.0  99366  99.8
     96      0   0.0      0   0.0      0   0.0      0   0.0      0   0.0      0   0.0  99602 100.0
     97      0   0.0      0   0.0      0   0.0  66113  66.4      0   0.0  26862  27.0   6221   6.2
     98  16572  16.6      0   0.0      0   0.0    851   0.9      0   0.0     45   0.0  82128  82.5
     99  16610  16.7      0   0.0      0   0.0      0   0.0      0   0.0      0   0.0  82992  83.3
    100  16584  16.7      0   0.0      0   0.0      0   0.0    104   0.1     18   0.0  82801  83.1
    101      0   0.0      0   0.0      0   0.0      0   0.0  92498  92.9   1083   1.1   1843   1.9
    102      0   0.0      0   0.0      0   0.0      0   0.0  97906  98.3    507   0.5      0   0.0
    103      0   0.0      0   0.0      0   0.0      0   0.0  80580  80.9      0   0.0      0   0.0
    104      0   0.0      0   0.0      0   0.0      0   0.0  80661  81.0      0   0.0      0   0.0
    105      0   0.0      0   0.0      0   0.0      0   0.0  80246  80.6  18514  18.6      0   0.0
    106      0   0.0      0   0.0      0   0.0      0   0.0  10074  10.1     36   0.0   1579   1.6
    107      0   0.0      0   0.0      0   0.0      0   0.0     52   0.1     32   0.0      0   0.0
    108      0   0.0      0   0.0      0   0.0      0   0.0      0   0.0      0   0.0      0   0.0
#
# protein       1.1         10.3          0.0          4.3         40.3          1.7         18.7       